7909285
7902435
8042942
8162492
8162884
8040802
8153474
8143054
7970655
7997072
8091141
8088128
8158714
8037023
8125125
8148710
7990700
8097679
8003068
7934729
8178136
8031122
8002344
8143088
7999562
7952103
7945101
7981494
8075910
7987780
8067040
7925531
8030078
8032037
7934271
7898609
8119000
8076025
8145136
8026954
7898616
8080013
8091009
7898739
8162920
8084016
8139057
8145490
8111932
7995492
7902594
8079950
7920600
7917232
8072015
8090070
7979131
8037152
7915787
8162216
8014316
8114249
8015031
7935707
7940924
8050302
8086595
8034762
8134257
8095697
7962842
8123362
8096635
7950578
8093665
8060854
8122933
8012558
7998374
7922127
7907156
7949465
8110362
8100966
8079370
8146500
8018364
8123364
8086600
8160889
8092251
8014369
8100977
7988563
8093294
7945436
7966621
8080212
7956401
8119620
8112822
8088142
8032214
8139737
8160024
8151871
7908072
8095680
8105267
8010260
8104912
7913644
8175444
8146171
7950032
7925048
8015412
8143417
8168463
8096050
8030339
8133335
8174389
8044919
8085374
7933075
8142468
8158739
8052872
7929032
7930074
7984453
8096845
8109981
7925480
8095110
8062623
7943413
8151413
7986383
8017718
8041888
8020100
7919825
8042993
8060850
8121949
7996837
8089261
8023195
7909545
8144995
8016044
7942168
8116402
8117128
7905826
8073345
7927120
7979671
8065710
8092134
8135363
7899774
8167165
8087409
8145611
8057744
7943424
8021228
8006906
8059477
7955170
7904812
8135763
7915472
7980233
8138640
8167998
8164810
7909789
8147766
7930537
8044933
7998211
8178903
8158725
7932966
8010737
8097628
8140556
7998852
8024306
8156826
7985285
8086185
7982927
8048350
8077376
8118734
8169811
8143154
8165171
7942342
7923662
8138310
7976200
8155673
7931479
7931859
8020183
8060772
8043791
7974851
8102982
8164692
8041781
8051670
7958846
8169389
8097586
8171427
7982688
8138776
7918008
7902367
8111941
8120860
8155327
7931168
7943605
7969835
8092523
8082886
8052934
7982723
8135268
7899192
7928308
8013399
7971590
7990400
7941900
7897482
8164781
8074791
8049180
8143957
7928982
8144917
8178762
7983928
7901110
7939657
7921970
8166632
7936322
8165258
7956046
8031999
8034420
8102006
8093916
8125139
8049243
7995552
8020806
8160389
8025506
8160365
7896817
8160360
8177983
8038416
8176624
8160392
8128260
8154721
8113651
7909188
8119016
8170390
8139859
8086028
7935613
8135835
8135827
7900546
8038202
8007272
8129618
8126916
7953532
7958784
8007429
8094556
8063590
7994737
7983985
8013384
8115957
8096528
8168500
8113773
7901951
7925876
8174076
7928019
7900931
8164853
8116835
7923034
8030094
7961755
7959402
8076387
8179489
7933194
8125556
7969986
8118594
8170187
7923929
7960910
8047677
8178193
8180093
8179519
7953321
7957759
7906819
7912928
7963713
8104166
7906746
7964234
8114618
8068857
8000323
8069644
7969977
7953243
8052721
7939825
7919729
8151909
8179263
7961900
8020058
8056930
8148270
7901212
7989224
8053668
7990436
7960518
7976402
8070160
7906703
8087100
8027932
8081945
7940835
8159583
7897026
7903972
8027996
8029831
8008132
7964388
7967149
7941087
8102415
7978285
8076704
8150879
8152031
8010686
7934477
8171762
8094596
8140398
8094408
7965873
8161615
7979551
8067167
7949765
8102560
8152096
8055476
8119627
7983969
8137054
8000811
7994292
8160823
7913776
8006999
8111677
8075886
7964795
8169580
7942123
8057771
8007212
7999044
7902205
8129861
8036840
8111490
8034217
8114797
7909271
8154934
8138542
8171105
7914950
8068254
8165752
8126371
8176955
7999423
8039484
8107270
8107977
8041820
8023133
8154622
8017480
7949754
8119161
8072757
7951865
8159127
7949971
7973530
7921955
8077899
7944035
8048432
7919055
8026763
8066619
8084710
8073826
7940565
8109629
8092532
8102523
8099304
8030448
7901732
7898805
8164165
8131803
8068168
7943892
8179534
8100808
8118498
8100784
7931832
7996563
8104369
8178234
8141328
8095402
8100734
8141317
8165866
8178177
8135464
8058552
8154733
7943827
7899016
7971541
7961298
8136654
7953469
8110960
8136934
8136844
8063668
7961295
7961249
7994058
8136647
8125805
7961281
8034643
8041383
8037005
8047538
8078805
7951614
7955562
8061564
8084496
7956423
8147101
8044927
8105302
7920664
8116818
7915252
8139207
7952305
7901426
8008627
8127193
7964787
7998759
8042830
8122773
8064928
7978351
8169492
7991335
8024497
8148317
7998823
8032761
8078544
8102232
7933904
8079021
8108050
7928959
8154885
8045848
7996051
8149793
8042953
7997179
7968254
8074498
8072979
8145085
8147654
8165538
8166525
8052331
8152133
7945573
8004431
8040223
8055089
8018849
7996286
8071907
8179055
8120967
8040843
8166335
8125091
7923516
7993148
8065510
8156761
8154916
8127841
8087461
8106252
7908003
8099897
8076355
8042335
8094156
8159734
7982878
7971526
7953040
8016168
8061605
7916944
8161906
8011516
7898594
7995382
8073152
8102127
7987475
8005134
8024572
8052058
8114977
8150249
8095080
8066590
7910915
8152902
8024566
7982497
8034821
8097327
8099746
7972157
8161892
8172580
8097692
7923271
7979888
7934074
7908940
8083240
7992147
8137517
8147877
7905025
8026388
7937996
7938059
7944797
7948150
7938066
7939928
8163960
7939865
8136660
7946111
7986530
8157014
8060084
7946069
7906367
7948137
7939948
7956007
8003812
8025450
7940173
7948111
7906374
7939900
8089402
7955991
8033734
8157679
7946023
7946019
7977478
7955993
7937982
7927606
7939971
7937942
7938072
8011322
7922969
7911252
8081212
7973012
8011339
8001615
7946013
7937973
7937979
8139330
7986532
7946071
7937948
8178291
7946125
7973010
8178289
7938000
8161164
7940171
8119515
8162934
7973014
7952404
8163273
7946326
7939918
7939940
7952382
7948377
7921420
7948044
7946323
7973024
7939979
7948157
7948328
7973028
7944834
7945958
7925972
8020164
8162931
7940187
7925751
7977771
8033736
7925728
7911273
8136973
7952384
7911241
7948109
8003804
8124630
8136963
8110647
7939910
8025456
7977655
7946105
8043782
8060080
7955983
7925745
7911269
7911207
7938004
8142886
7989094
8095758
8018708
8112285
8021376
8059393
8130645
8124129
7939738
8169645
8105111
7984779
8024740
7901982
8115765
8141241
8154856
7966301
8019687
7948534
8160405
8063043
7927658
8170298
8034034
8043349
8039805
7958532
8103206
7991216
7965471
8096385
7900699
8163481
