7940924
7964234
8007828
8024219
8027932
7961900
7953243
7989224
8000323
8070160
8142663
8023063
8058428
8001041
8101971
7953040
7899016
8104298
8148728
7980955
8145136
8104166
8160587
8051777
7912646
7906703
7931859
7956301
7976402
8060854
7940835
8084092
8031097
7961422
8102839
8162920
8073192
8060897
7906746
7982878
7903972
8024273
8074261
7958644
8118734
8131135
8030067
8000582
8074791
8159734
8080511
8139314
8153409
8101587
7946853
8012558
8084016
8092083
8004309
8080487
8138435
8088106
8162502
8048014
7897441
8069057
7955078
8140955
8152133
8139488
8024485
7956989
7939738
8151871
8129880
7942123
8126371
8075164
7956076
8047419
7939546
8050702
8008922
7957759
8095758
7922504
8051298
8133258
7942693
8137437
8153021
8131475
7967727
8112668
8147766
8047487
7942991
7913547
7905677
7925972
8000811
8108287
7897026
8085374
8145611
8135763
7950885
8139330
8016311
7955170
7933075
8154367
8133860
8133335
8029831
8012079
8050805
8073345
7999044
8105121
7960518
8176306
8078888
8160823
8068266
7956426
8129837
8173299
8043981
8095680
8170187
8101131
8084794
8160365
8160422
8118137
8025375
8149749
7909250
8178512
7902189
8107970
8080562
8171052
8055465
8126839
7907430
7993267
8154622
8079370
8017480
7969986
8015031
8039484
8163618
8111490
8028613
8034217
8011713
8054712
7922337
8095080
8078350
7968851
8100984
8103399
8160392
8014342
8092169
8107887
8115014
7905789
8160371
8014316
8165735
8100971
8076387
7955535
7996034
7922343
8006594
8101118
7952305
8129848
8149762
8176972
7970763
8171105
8086595
8102697
8075316
8071069
8056005
7941685
8125734
8131406
8030158
8179263
8152628
8119000
8177983
8109383
8103922
8052721
8087405
8004271
8092532
7915902
7902367
8103951
8086201
8023261
7943605
8174474
7958784
8101881
8101904
7924832
8019463
7969830
8097628
8115022
8048381
8136080
8127193
8048452
7904025
8162533
8127346
7956430
7930120
8044933
8059067
8123562
7983393
7925876
7928019
8013660
8153474
7926037
8143054
8087461
8042942
7954029
8105828
7970317
8062880
8141395
8172876
8167625
7938366
8152477
7998886
8150599
7912481
8129045
8054437
7955736
8090898
8034075
8148317
8121043
8117128
8072577
8024637
8102560
8058161
7994109
7969017
8160441
7966301
7938348
8114396
8105862
7978366
8117760
8118594
8180078
8125461
8089771
8178199
7934161
8179019
8082035
8107977
7929032
8125556
7999588
8099304
8075468
7908351
7913226
8097553
7960910
8118556
8118548
8125545
8013061
7923929
8125530
7999547
8047702
7953321
8180022
8018864
7994292
8036702
8154721
7958846
7923907
8138542
7900683
8083690
7909261
8057744
8017505
8111677
8091009
8085062
8023133
8131803
7926385
8173444
7909271
8176323
8134907
7978932
8129861
7944152
8006999
8176955
8135363
8015607
7913776
8057771
8043203
8156861
8099121
7948864
8034631
8063636
8012581
7930524
7899361
7937533
8153776
8075886
7949264
8031550
8089261
8030470
7966268
7952897
8093665
8095110
7970325
8147156
8106393
8154476
7899023
8093053
8026751
8079401
7933010
8157905
8064042
8093518
7986359
7936567
7902771
8150249
7935990
8003962
8013923
8021376
7950473
8155673
8144774
7996647
8172858
8109086
8025828
8025414
8179041
7930894
7916045
8004111
7967331
7965436
8085412
7996919
7951966
8169687
7965873
7994058
7992670
7944147
7960529
8151768
8119161
8036840
7915787
8102232
8018364
7930537
8015412
7897482
7935707
7941900
8143417
8051670
8118945
7994280
7963786
7903786
7944179
8151447
7940409
7909371
8082473
8007931
8046380
8114023
7906355
8030277
8114612
7995096
8094240
8107878
8043995
7947425
7964522
8156826
7984364
7982792
8052872
7980316
8116402
8096845
8164810
8037005
7981494
7968484
7994237
8135922
8002556
8071737
7967212
7945712
8047300
8093278
8101862
7901110
7968890
8080212
8073633
7968800
7928982
8158976
8021169
8155327
8031999
8050160
7930804
8143154
8049317
8096635
7951351
8131996
7928959
8132860
8006906
8089801
8146171
8030753
8024754
7998823
7925531
8170955
8023646
7936734
8047839
7986383
8167998
8008629
7910520
7967034
8045816
7949916
7954419
8096130
8171848
8124166
8138310
8076025
7896750
7937378
7939657
7987780
8130628
8165663
7923596
8009457
8116622
8047403
8078729
8149733
8165752
8087210
8135378
8047381
8118142
8065569
7930577
7916609
7927389
8032761
8032037
8114572
8119088
8097586
7945436
8011018
8064952
8158725
8015590
7920600
8082911
8167165
8007212
7928736
8172345
8156321
8067040
7934393
8010737
7909350
8161004
8049246
8164967
8029136
7975779
7932420
8127145
7975607
7923967
8018558
8058837
8050908
7921970
8095390
8113773
8095402
8102065
8111941
8096753
7915257
8046283
8166335
7938629
8094408
8060675
7962842
8043349
8102643
8086880
8034762
7990971
7899192
8026954
7978285
8007272
8115681
7917912
8122099
7959052
7978846
8136631
8163525
8139299
7968563
8092640
8127031
8026051
7915238
8018297
8094228
8091087
8120967
7994609
